31
47
55
59
61
62
79
87
91
93
94
103
107
109
110
115
117
118
121
122
124
143
151
155
157
158
167
171
173
174
179
181
182
185
186
188
199
203
205
206
211
213
214
217
218
220
227
229
230
233
234
236
241
242
244
248
271
279
283
285
286
295
299
301
302
307
309
310
313
314
316
327
331
333
334
339
341
342
345
346
348
355
357
358
361
362
364
369
370
372
376
391
395
397
398
403
405
406
409
410
412
419
421
422
425
426
428
433
434
436
440
451
453
454
457
458
460
465
466
468
472
481
482
484
488
496
527
535
539
541
542
551
555
557
558
563
565
566
569
570
572
583
587
589
590
595
597
598
601
602
604
611
613
614
617
618
620
625
626
628
632
647
651
653
654
659
661
662
665
666
668
675
677
678
681
682
684
689
690
692
696
707
709
710
713
714
716
721
722
724
728
737
738
740
744
752
775
779
781
782
787
789
790
793
794
796
803
805
806
809
810
812
817
818
820
824
835
837
838
841
842
844
849
850
852
856
865
866
868
872
880
899
901
902
905
906
908
913
914
916
920
929
930
932
936
944
961
962
964
968
976
992
1039
1047
1051
1053
1054
1063
1067
1069
1070
1075
1077
1078
1081
1082
1084
1095
1099
1101
1102
1107
1109
1110
1113
1114
1116
1123
1125
1126
1129
1130
1132
1137
1138
1140
1144
1159
1163
1165
1166
1171
1173
1174
1177
1178
1180
1187
1189
1190
1193
1194
1196
1201
1202
1204
1208
1219
1221
1222
1225
1226
1228
1233
1234
1236
1240
1249
1250
1252
1256
1264
1287
1291
1293
1294
1299
1301
1302
1305
1306
1308
1315
1317
1318
1321
1322
1324
1329
1330
1332
1336
1347
1349
1350
1353
1354
1356
1361
1362
1364
1368
1377
1378
1380
1384
1392
1411
1413
1414
1417
1418
1420
1425
1426
1428
1432
1441
1442
1444
1448
1456
1473
1474
1476
1480
1488
1504
1543
1547
1549
1550
1555
1557
1558
1561
1562
1564
1571
1573
1574
1577
1578
1580
1585
1586
1588
1592
1603
1605
1606
1609
1610
1612
1617
1618
1620
1624
1633
1634
1636
1640
1648
1667
1669
1670
1673
1674
1676
1681
1682
1684
1688
1697
1698
1700
1704
1712
1729
1730
1732
1736
1744
1760
1795
1797
1798
1801
1802
1804
1809
1810
1812
1816
1825
1826
1828
1832
1840
1857
1858
1860
1864
1872
1888
1921
1922
1924
1928
1936
1952
1984
2063
2071
2075
2077
2078
2087
2091
2093
2094
2099
2101
2102
2105
2106
2108
2119
2123
2125
2126
2131
2133
2134
2137
2138
2140
2147
2149
2150
2153
2154
2156
2161
2162
2164
2168
2183
2187
2189
2190
2195
2197
2198
2201
2202
2204
2211
2213
2214
2217
2218
2220
2225
2226
2228
2232
2243
2245
2246
2249
2250
2252
2257
2258
2260
2264
2273
2274
2276
2280
2288
2311
2315
2317
2318
2323
2325
2326
2329
2330
2332
2339
2341
2342
2345
2346
2348
2353
2354
2356
2360
2371
2373
2374
2377
2378
2380
2385
2386
2388
2392
2401
2402
2404
2408
2416
2435
2437
2438
2441
2442
2444
2449
2450
2452
2456
2465
2466
2468
2472
2480
2497
2498
2500
2504
2512
2528
2567
2571
2573
2574
2579
2581
2582
2585
2586
2588
2595
2597
2598
2601
2602
2604
2609
2610
2612
2616
2627
2629
2630
2633
2634
2636
2641
2642
2644
2648
2657
2658
2660
2664
2672
2691
2693
2694
2697
2698
2700
2705
2706
2708
2712
2721
2722
2724
2728
2736
2753
2754
2756
2760
2768
2784
2819
2821
2822
2825
2826
2828
2833
2834
2836
2840
2849
2850
2852
2856
2864
2881
2882
2884
2888
2896
2912
2945
2946
2948
2952
2960
2976
3008
3079
3083
3085
3086
3091
3093
3094
3097
3098
3100
3107
3109
3110
3113
3114
3116
3121
3122
3124
3128
3139
3141
3142
3145
3146
3148
3153
3154
3156
3160
3169
3170
3172
3176
3184
3203
3205
3206
3209
3210
3212
3217
3218
3220
3224
3233
3234
3236
3240
3248
3265
3266
3268
3272
3280
3296
3331
3333
3334
3337
3338
3340
3345
3346
3348
3352
3361
3362
3364
3368
3376
3393
3394
3396
3400
3408
3424
3457
3458
3460
3464
3472
3488
3520
3587
3589
3590
3593
3594
3596
3601
3602
3604
3608
3617
3618
3620
3624
3632
3649
3650
3652
3656
3664
3680
3713
3714
3716
3720
3728
3744
3776
3841
3842
3844
3848
3856
3872
3904
3968
4111
4119
4123
4125
4126
4135
4139
4141
4142
4147
4149
4150
4153
4154
4156
4167
4171
4173
4174
4179
4181
4182
4185
4186
4188
4195
4197
4198
4201
4202
4204
4209
4210
4212
4216
4231
4235
4237
4238
4243
4245
4246
4249
4250
4252
4259
4261
4262
4265
4266
4268
4273
4274
4276
4280
4291
4293
4294
4297
4298
4300
4305
4306
4308
4312
4321
4322
4324
4328
4336
4359
4363
4365
4366
4371
4373
4374
4377
4378
4380
4387
4389
4390
4393
4394
4396
4401
4402
4404
4408
4419
4421
4422
4425
4426
4428
4433
4434
4436
4440
4449
4450
4452
4456
4464
4483
4485
4486
4489
4490
4492
4497
4498
4500
4504
4513
4514
4516
4520
4528
4545
4546
4548
4552
4560
4576
4615
4619
4621
4622
4627
4629
4630
4633
4634
4636
4643
4645
4646
4649
4650
4652
4657
4658
4660
4664
4675
4677
4678
4681
4682
4684
4689
4690
4692
4696
4705
4706
4708
4712
4720
4739
4741
4742
4745
4746
4748
4753
4754
4756
4760
4769
4770
4772
4776
4784
4801
4802
4804
4808
4816
4832
4867
4869
4870
4873
4874
4876
4881
4882
4884
4888
4897
4898
4900
4904
4912
4929
4930
4932
4936
4944
4960
4993
4994
4996
5000
5008
5024
5056
5127
5131
5133
5134
5139
5141
5142
5145
5146
5148
5155
5157
5158
5161
5162
5164
5169
5170
5172
5176
5187
5189
5190
5193
5194
5196
5201
5202
5204
5208
5217
5218
5220
5224
5232
5251
5253
5254
5257
5258
5260
5265
5266
5268
5272
5281
5282
5284
5288
5296
5313
5314
5316
5320
5328
5344
5379
5381
5382
5385
5386
5388
5393
5394
5396
5400
5409
5410
5412
5416
5424
5441
5442
5444
5448
5456
5472
5505
5506
5508
5512
5520
5536
5568
5635
5637
5638
5641
5642
5644
5649
5650
5652
5656
5665
5666
5668
5672
5680
5697
5698
5700
5704
5712
5728
5761
5762
5764
5768
5776
5792
5824
5889
5890
5892
5896
5904
5920
5952
6016
6151
6155
6157
6158
6163
6165
6166
6169
6170
6172
6179
6181
6182
6185
6186
6188
6193
6194
6196
6200
6211
6213
6214
6217
6218
6220
6225
6226
6228
6232
6241
6242
6244
6248
6256
6275
6277
6278
6281
6282
6284
6289
6290
6292
6296
6305
6306
6308
6312
6320
6337
6338
6340
6344
6352
6368
6403
6405
6406
6409
6410
6412
6417
6418
6420
6424
6433
6434
6436
6440
6448
6465
6466
6468
6472
6480
6496
6529
6530
6532
6536
6544
6560
6592
6659
6661
6662
6665
6666
6668
6673
6674
6676
6680
6689
6690
6692
6696
6704
6721
6722
6724
6728
6736
6752
6785
6786
6788
6792
6800
6816
6848
6913
6914
6916
6920
6928
6944
6976
7040
7171
7173
7174
7177
7178
7180
7185
7186
7188
7192
7201
7202
7204
7208
7216
7233
7234
7236
7240
7248
7264
7297
7298
7300
7304
7312
7328
7360
7425
7426
7428
7432
7440
7456
7488
7552
7681
7682
7684
7688
7696
7712
7744
7808
7936
8207
8215
8219
8221
8222
8231
8235
8237
8238
8243
8245
8246
8249
8250
8252
8263
8267
8269
8270
8275
8277
8278
8281
8282
8284
8291
8293
8294
8297
8298
8300
8305
8306
8308
8312
8327
8331
8333
8334
8339
8341
8342
8345
8346
8348
8355
8357
8358
8361
8362
8364
8369
8370
8372
8376
8387
8389
8390
8393
8394
8396
8401
8402
8404
8408
8417
8418
8420
8424
8432
8455
8459
8461
8462
8467
8469
8470
8473
8474
8476
8483
8485
8486
8489
8490
8492
8497
8498
8500
8504
8515
8517
8518
8521
8522
8524
8529
8530
8532
8536
8545
8546
8548
8552
8560
8579
8581
8582
8585
8586
8588
8593
8594
8596
8600
8609
8610
8612
8616
8624
8641
8642
8644
8648
8656
8672
8711
8715
8717
8718
8723
8725
8726
8729
8730
8732
8739
8741
8742
8745
8746
8748
8753
8754
8756
8760
8771
8773
8774
8777
8778
8780
8785
8786
8788
8792
8801
8802
8804
8808
8816
8835
8837
8838
8841
8842
8844
8849
8850
8852
8856
8865
8866
8868
8872
8880
8897
8898
8900
8904
8912
8928
8963
8965
8966
8969
8970
8972
8977
8978
8980
8984
8993
8994
8996
9000
9008
9025
9026
9028
9032
9040
9056
9089
9090
9092
9096
9104
9120
9152
9223
9227
9229
9230
9235
9237
9238
9241
9242
9244
9251
9253
9254
9257
9258
9260
9265
9266
9268
9272
9283
9285
9286
9289
9290
9292
9297
9298
9300
9304
9313
9314
9316
9320
9328
9347
9349
9350
9353
9354
9356
9361
9362
9364
9368
9377
9378
9380
9384
9392
9409
9410
9412
9416
9424
9440
9475
9477
9478
9481
9482
9484
9489
9490
9492
9496
9505
9506
9508
9512
9520
9537
9538
9540
9544
9552
9568
9601
9602
9604
9608
9616
9632
9664
9731
9733
9734
9737
9738
9740
9745
9746
9748
9752
9761
9762
9764
9768
9776
9793
9794
9796
9800
9808
9824
9857
9858
9860
9864
9872
9888
9920
9985
9986
9988
9992
